5.075785360825985 2.1510888409943447e-44
5.2567174569498105 1.6751095748998533e-44
5.437649553073635 1.304451975411714e-44
5.616814302715178 1.0193120183405966e-44
5.7935489509435785 8.005159529546293e-45
5.974481047067403 6.248694531296178e-45
6.149448348813521 5.3269975832343325e-45
6.322995461422088 4.630191131132811e-45
6.497962763168204 4.0190576428692873e-45
6.6683854596741625 3.519587114752162e-45
6.843352761420279 3.05088566715667e-45
7.013775457926237 2.6644723094787362e-45
7.188742759672355 2.30650458376203e-45
7.362289872280922 2.00616335117549e-45
7.537257174027038 1.73486656089973e-45
7.712224475773155 1.5074215496474234e-45
7.879522756176504 1.32729242078094e-45
7.996546341110595 1.20503128101539e-45
8.242057488653554 1.058749914896681e-45
8.623298033282904 8.642494631809915e-46
9.110438729198185 6.537730247552001e-46
9.703479576399396 4.945553177717695e-46
10 4.247165392508675e-46
