3.208804720603215 8.03510587853757e-43
3.336053667327664 5.271054830264454e-43
3.4633026140521124 3.4250407640657727e-43
3.590551560776561 2.2308398069623484e-43
3.7178005075010097 1.4495613350626675e-43
3.845049454225458 9.441461727458687e-44
3.980251460120185 6.086383991679687e-44
4.139312643525746 4.3517253933244923e-44
4.3142799452718625 3.180481753826615e-44
4.48924724701798 2.3084213602690154e-44
4.664214548764097 1.681287117310344e-44
4.839181850510213 1.2266509479650906e-44
5.01414915225633 9.137509954750225e-45
5.189116454002447 7.396831582618816e-45
5.364083755748564 6.092376347362958e-45
5.539051057494681 5.017966022793572e-45
5.714018359240797 4.1187372179920915e-45
5.888985660986915 3.374800769213384e-45
6.0639529627330315 2.8528163891652143e-45
6.238920264479148 2.509589514661075e-45
6.413887566225265 2.207656811008342e-45
6.588854867971382 1.9454171692432097e-45
6.763822169717499 1.7113609372536622e-45
6.938789471463616 1.5080745039283396e-45
7.113756773209733 1.3829521999730288e-45
7.28872407495585 1.2926084169996718e-45
7.463691376701966 1.2123594855149647e-45
7.638658678448083 1.1390640950170519e-45
7.8136259801942005 1.0646527311282849e-45
7.988593281940317 9.91660825966927e-46
8.111865699079626 9.228735223754253e-46
8.3267776096823 8.642494631809915e-46
8.877458396369137 7.236092872556031e-46
9.544629349470497 5.473838892868025e-46
10 4.583075637954702e-46
