3.407631199860166 7.592681153663607e-43
3.5428332057548926 4.8379130865732276e-43
3.6700821524793414 3.136114013574036e-43
3.79733109920379 2.0377929433737443e-43
3.9245800459282387 1.3241228036002958e-43
4.075688170163522 8.838067630311862e-44
4.2506554719096385 6.217816059685818e-44
4.425622773655755 4.374399265682318e-44
4.600590075401872 3.082842107767008e-44
4.7755573771479884 2.1726218582699285e-44
4.950524678894106 1.5391251845081912e-44
5.125491980640223 1.1787394259233648e-44
5.30045928238634 9.37805016527754e-45
5.475426584132457 7.461176148712275e-45
5.650393885878573 5.936111296165735e-45
5.82536118762469 4.722769790999783e-45
6.0003284893708075 3.816474204974278e-45
6.175295791116924 3.415972197836222e-45
6.350263092863041 3.105540064230832e-45
6.525230394609157 2.823318965140208e-45
6.700197696355275 2.5667451760583748e-45
6.875164998101392 2.337533674768614e-45
7.050132299847508 2.1214283707689922e-45
7.225099601593626 1.931983860936718e-45
7.400066903339742 1.7564116263553992e-45
7.575034205085859 1.574818876267962e-45
7.72084028987429 1.4672738653528445e-45
7.9408749269186485 1.3289357375705992e-45
8.115842228664766 1.2060754491120452e-45
8.290809530410883 1.092679162109201e-45
8.465776832157 9.985559589336305e-46
8.640744133903116 9.078105315989038e-46
8.815711435649234 8.253117453347183e-46
8.982725678225073 7.584119592653907e-46
9.167236650975523 6.829521280997837e-46
9.345385176389751 6.256381842890303e-46
9.579205115995926 5.361572680742077e-46
9.76212547691232 4.851166125914534e-46
9.960951956169271 4.265666903047135e-46
