0.6228572336631486 0.001304878579297328
0.6458711076857069 0.0015535740886968349
0.6660082474554456 0.0018541677192799092
0.6861453872251844 0.0022054073189297155
0.7096387169565461 0.002614275520541414
0.7364882366495309 0.0030884220906471195
0.7633377563425159 0.003642363779763744
0.789348228545095 0.004321307547380592
0.8203929856901087 0.0051198369848161965
0.8573110752679629 0.005954510604886729
0.8975853548074404 0.007010582688005847
0.9378596343469177 0.008244602887426107
0.9781339138863949 0.009651964152543966
1.0150520034642492 0.011271412426314478
1.0519700930421034 0.013108961285991223
1.095600562543204 0.015630153954900288
1.1459434119675507 0.018032691476914744
1.2029986413151434 0.020898532580705752
1.2634100606243595 0.024327622379386113
1.3204652899719527 0.028124706743108546
1.3775205193195452 0.03247146276902523
1.4446443185520077 0.037119922002247126
1.5184804977077162 0.04180002493143886
1.5923166768634247 0.04666440703508008
1.6661528560191332 0.05228853918411185
1.7399890351748413 0.057584647951025636
1.8111402623612518 0.062463518232517355
1.8876613934862583 0.06733800682014929
1.9614975726419668 0.07154547680817645
2.0353337517976753 0.07564067205333017
2.109169930953384 0.07937897422370158
2.1830061101090923 0.08294218050366119
2.256842289264801 0.08549415240909425
2.3306784684205093 0.08763549699164672
2.404514647576218 0.08949775684742706
2.4783508267319263 0.09055561424231923
2.552187005887635 0.09282373163413368
2.6260231850433433 0.09293861704962994
2.6998593641990514 0.09363092171155621
2.77369554335476 0.09305364465568954
2.8475317225104684 0.09225143127082652
2.921367901666177 0.09077990941471506
2.9952040808218854 0.0896085257941219
3.069040259977594 0.08768971226072758
3.1428764391333024 0.08666533391216094
3.216712618289011 0.08491451027865345
3.2905487974447194 0.08151825951247468
3.3643849766004275 0.07845168069713124
3.4382211557561364 0.075921875029479
3.5120573349118445 0.07361009388547726
3.5858935140675534 0.07084100686307704
3.6597296932232615 0.06821826500466334
3.7335658723789704 0.06540884448018648
3.8074020515346785 0.06228992130783261
3.8812382306903874 0.05859050834939448
3.9550744098460955 0.05628191246976094
4.0289105890018035 0.053897357304924384
4.1027467681575125 0.05082194941023399
4.1765829473132206 0.04851845792865411
4.2504191264689295 0.046119280280948374
4.324255305624638 0.043273063384292654
4.3980914847803465 0.04002903917479609
4.471927663936055 0.037581912444726855
4.5457638430917635 0.035767747473353845
4.619600022247472 0.03374768835303271
4.6934362014031805 0.030719786069512527
4.767272380558889 0.028752720473823174
4.8411085597145975 0.027045089696998998
4.914944738870306 0.02529767392222874
4.988780918026014 0.023488195971384303
5.042479957411984 0.02201411938647
