0.008255114460531877 0.00004534330363212118
0.00924510534213149 0.000045665717418493486
0.010353820434078056 0.000046047964047641895
0.011595497683795633 0.00004647213191842837
0.012986082518136927 0.00004697846140278383
0.014543432612084305 0.00004764891776771314
0.01628754721424504 0.0000484095809042021
0.018240823974103176 0.00004932608607802965
0.02042834656916387 0.00005049089530138758
0.022878206825653384 0.00005185582477026581
0.0256218654693989 0.000053346514632722946
0.028694556139594957 0.00005520121771939441
0.032135737853738855 0.0000575025871394941
0.03598960173421946 0.00006002485897902617
0.040305638503863886 0.00006315591810393088
0.04513927403813176 0.0000664780030077654
0.05055258113562019 0.00007053115853812992
0.05661507664732555 0.00007511265912702361
0.06340461420127295 0.00008052697316342226
0.07100838398674449 0.00008658380457598884
0.07952403243718059 0.0000938363477597641
0.08906091619054869 0.00010165401103069251
0.09974150643034406 0.00011090600689625441
0.11170296164155231 0.00012120196145236764
0.12509888897866195 0.00013300693983479736
0.14010131686494204 0.00014644920354028935
0.15690290415479946 0.00016172113424402722
0.1748170928982125 0.0001783922256508168
0.19477661126801676 0.0001969623808943277
0.21701498216276552 0.0002170672050456527
0.24055078379092346 0.00023977322463819472
0.26663910023976134 0.00026364289516730684
0.2955567579379142 0.0002910874178994172
0.3276106058122097 0.0003218311815601091
0.36314077130047906 0.00035549589435013144
0.40252426948685804 0.00039304228449339544
0.4461790036565776 0.0004351523025447675
0.49456819972062804 0.00048133238186785673
0.5482053215645457 0.000533146053345601
0.6076595194787097 0.0005899960457956361
0.673561669484123 0.0006529080199883625
0.7466110676377464 0.0007238545993275103
0.8275828503514845 0.000801407400760921
0.9173362194627908 0.0008884902853333579
1.0168235593341353 0.000985035808731261
1.1271005427240488 0.0010925729943904723
1.2493373326644164 0.0012101844835180529
1.3848309992085444 0.0013398420100921241
1.535019282805715 0.0014833908684641654
1.7014958503471038 0.0016460883925302002
1.8860272057669245 0.0018191090326776058
