0.00442887882257768 0.00002079466246488303
0.005091979772307731 0.00002079466246488303
0.005862617916761827 0.00002080770845820574
0.006721409638650995 0.000020886156476541288
0.007787884590504835 0.000021001090302217904
0.009125886084977062 0.000021138942092076076
0.010626160178752888 0.00002128452391128424
0.01237307578607557 0.00002151098679093804
0.014225598429730424 0.000021811093029710656
0.01635548461698501 0.0000221267374214788
0.0188042617945249 0.000022597190905443313
0.02161967498473378 0.000023184472866178546
0.024856617694059956 0.000023897127253949354
0.02857820219892001 0.000024809278961373843
0.032856990077034035 0.000026008591993288475
0.0377764069764721 0.000027462465041490575
0.04343236920686528 0.00002925167467105025
0.049935153867235904 0.00003144657490833076
0.05741154897325702 0.00003410236571744008
0.06600732550603713 0.00003728733562834083
0.07589007958119133 0.00004114808174962967
0.08725250015337768 0.00004573596133494498
0.10031612596835364 0.00005114937074466181
0.11533566501370927 0.00005776396970981475
0.13260396068674948 0.00006540155059159226
0.15245770150736043 0.00007404897622640084
0.1741758820081171 0.00008341493260294178
0.19772994587048434 0.00009423109825592617
0.22446926085967878 0.0001061497553468781
0.2548245732282468 0.00011991387769318206
0.2892848796858245 0.0001357689504025227
0.32840530469518137 0.0001536336445218573
0.3728160430267378 0.00017404537519054178
0.4232325116280428 0.0001975031673837002
0.4804668743456803 0.00022361713466950383
0.5454411251524753 0.0002536130019392595
0.6192019406389967 0.00028779489899030783
0.7029375410296006 0.00032676821845779283
0.7979968313387779 0.0003708099573176718
0.9059111310145752 0.0004205501808405409
1.02841884211405 0.0004772318291644467
1.1564400446584266 0.0005350960352662034
1.2561838121651712 0.0005953198677609041
1.430176179916339 0.0006620810598047717
1.6133171408057403 0.0007477904251982084
1.8084051458475756 0.0008387358969270413
2.0399801508985194 0.0009458891795071007
2.315849704123954 0.0010733758868461678
2.629025507786816 0.001218045220755322
2.9845525416807352 0.001381433070368616
3.3881580257285346 0.001572940416116337
3.8463436803307194 0.0017829270212983935
4.366490463218263 0.0020255148255123997
4.956977470025942 0.0022972161597987367
5.591742354042377 0.0025936249258495807
6.307791944397879 0.0029299325384593263
7.1608040409977365 0.0033210767807076067
8.129170233509383 0.00377081854751676
9.228490028078932 0.004274220569257432
10.47647247529549 0.00486400723405596
11.893221447027091 0.0055195769140752695
13.50155949166805 0.00625996962478818
15.327395484813657 0.007099678166154516
17.29014243616116 0.008010218340476619
19.015681418797264 0.008828015292246876
