0.007153599591443187 0.0008534786479525013
0.009374235363816603 0.0008737482933512266
0.015473058735375576 0.0008997636426704146
0.021374546404928217 0.0009211325310700813
0.04443920930217367 0.000988332689441229
0.07481655538458741 0.0010604353576389063
0.1140968799724756 0.0011444943670957468
0.14466602621141375 0.001213662293486891
0.179832536655823 0.0012870104082466252
0.21629752319215292 0.001380902763952504
0.2688767590199258 0.0014643581163565262
0.3570194422028938 0.0016370701068340614
0.45868234851915457 0.001830152409273899
0.6548641300421181 0.002156964598949655
0.9227052701464308 0.002633233045777784
1.3887103869507866 0.0034491860082313257
1.8684335769238567 0.004336156965168282
3.0637568518933795 0.0064624553203173184
5.437448905379579 0.010767381274218765
7.712064902926158 0.014956211933753254
