0.03831186849557289 5.3019635994815995e-40
0.04230939172613499 2.913878263690164e-40
0.048939009184774965 1.5265422854429382e-40
0.058511519870941546 7.997353143690343e-41
0.07135892121363244 4.5017310946388625e-41
0.09115282124893316 3.0690342357020984e-41
0.1119052790951696 2.595442659016885e-41
0.1801968216105605 2.24812138785792e-41
0.2979462550358012 2.595442659016885e-41
0.5889995222594295 3.9938015555824865e-41
1.0268198434168865 6.603244308156964e-41
3.5858960939010687 1.986522953488564e-40
8.3639955504009 4.817728119835889e-40
