0.037898662426781214 2.036015366360359e-38
0.04471600159409071 1.5604178196198326e-38
0.05448422196028524 1.0469614138977374e-38
0.07112323372315574 7.142359566163283e-39
0.09413233355143921 5.47395924673026e-39
0.11953811019602477 4.713138751830436e-39
0.16114462959558284 4.409863915720535e-39
0.21823319824445128 4.872510055785774e-39
0.3330501077853422 5.5657387760853737e-39
0.5106153540063528 7.633553391701476e-39
0.8503499708311846 1.1189629670706692e-38
1.4557094879765757 1.8426951598188703e-38
1.9896228203506003 2.485628180686463e-38
