0.03731118826851337 6.550752046215943e-39
0.041477836176659344 3.431852361373667e-39
0.04766075519335851 1.4493674695480914e-39
0.051258998295964114 9.88099531189979e-40
0.06088113756264875 5.834870152694595e-40
0.07375918204592083 3.445574926829898e-40
0.09421887862305448 1.986522953488564e-40
0.13116443473357361 1.3543027839945736e-40
0.18502967215037647 1.2014970356378263e-40
0.2575843897870814 1.11821898936511e-40
0.3268645456646119 1.2306124858836723e-40
0.5058514375238632 1.5265422854429382e-40
0.7375918204592076 1.939523178272571e-40
1.5475873545578893 3.6145890239054184e-40
2.6274849063056465 5.6968211132361035e-40
4.37325294932287 9.647217716854122e-40
8.702723238099091 1.7979020648582443e-39
